1 0.32379689276241 0.4572914594619894 0.32379689276241 0.22561225325579493 0.1955917645572818 0.22795244725787772 0.1962233169129721 0.45963165346407214
1 0.3465327775672603 0.8703357008295987 0.34590122521157 0.6328060096181972 0.30421876973601114 0.6246153306109076 0.30358721738032085 0.8750160888337641
1 0.2859037514209928 0.8750160888337641 0.28653530377668307 0.6246153306109076 0.22906403940886702 0.6246153306109076 0.22906403940886702 0.8761861858348057
1 0.17032967032967034 0.8726758948316815 0.17096122268536063 0.6339761066192388 0.21390678287230014 0.6257854276119489 0.21327523051660985 0.8738459918327228
1 0.476001010483769 0.34379205036097493 0.4854742958191233 0.3332611773516025 0.4955791335101679 0.32624059534535416 0.5056839712012126 0.3215602073411886 0.5145257041808765 0.3192200133391058 0.5208412277377794 0.31804991633806445 0.5277883036503725 0.3192200133391058 0.5378931413414172 0.3215602073411886 0.5467348743210811 0.3274106923463955 0.5543135025893646 0.3332611773516025 0.5644183402804092 0.34379205036097493 0.5644183402804092 0.39059593040263035 0.476001010483769 0.39059593040263035
1 0.06043956043956046 0.3929361244047132 0.061071112795250744 0.2899675883130712 0.004862953138815236 0.292307782315154 0.004231400783124949 0.39527631840679595
1 0.8713527851458885 0.45378116845886524 0.8713527851458885 0.22678235025683635 0.74251610458507 0.22561225325579493 0.7444107616521408 0.45846155646303083
1 0.7810407982821774 0.8761861858348057 0.7797776935707968 0.6246153306109076 0.8404067197170644 0.6269555246129904 0.8391436150056839 0.8785263798368883
1 0.7658835417456107 0.8738459918327228 0.7665150941013009 0.6281256216140317 0.7267272956928128 0.6363163006213214 0.7260957433371226 0.8703357008295987
1 0.8536693191865605 0.8761861858348057 0.8580901856763925 0.629295718615073 0.8991410887962611 0.6351462036202801 0.8953517746621193 0.877356282835847
1 0.5795755968169761 0.9030984168587575 0.5795755968169761 0.665568725647356 0.5517872931666035 0.665568725647356 0.5517872931666035 0.901928319857716
1 0.4880005052418845 0.901928319857716 0.4873689528861942 0.665568725647356 0.46147530630289246 0.665568725647356 0.4608437539472022 0.901928319857716
1 0.4608437539472022 0.6304658156161146 0.47158014399393705 0.6257854276119489 0.48863205759757483 0.6211050396077834 0.5063155235569028 0.6164246516036179 0.5208412277377794 0.6152545546025765 0.5378931413414172 0.6164246516036179 0.5555766073007452 0.6199349426067421 0.5726285209043829 0.6246153306109076 0.5821018062397372 0.629295718615073 0.5821018062397372 0.6550378526379835 0.4608437539472022 0.656207949639025
